1.369938329000000000e+09
3.385708640000000000e+08
3.449824829000000000e+09
3.240895963000000000e+09
1.476599616000000000e+09
1.328019041000000000e+09
2.965306460000000000e+09
2.146265097000000000e+09
3.691678023000000000e+09
3.226747582000000000e+09
1.742458240000000000e+08
5.048233030000000000e+08
3.356751994000000000e+09
2.216680696000000000e+09
2.784819130000000000e+09
3.485463688000000000e+09
4.169014177000000000e+09
2.178950656000000000e+09
4.449571190000000000e+08
2.561350911000000000e+09
2.878868387000000000e+09
3.579239144000000000e+09
3.925189635000000000e+09
4.639969380000000000e+08
2.921594880000000000e+08
2.483017301000000000e+09
3.990197109000000000e+09
4.246490350000000000e+09
4.002865960000000000e+08
2.141421584000000000e+09
4.191485971000000000e+09
3.293577519000000000e+09
3.640656265000000000e+09
1.245840977000000000e+09
1.071772095000000000e+09
4.279285759000000000e+09
3.887562380000000000e+09
9.441875350000000000e+08
3.002763251000000000e+09
2.451577601000000000e+09
2.765638700000000000e+07
2.022845441000000000e+09
4.279398655000000000e+09
3.225947118000000000e+09
7.233866890000000000e+08
3.524464656000000000e+09
3.563101655000000000e+09
6.219710010000000000e+08
1.180194769000000000e+09
3.501785088000000000e+09
2.167989115000000000e+09
4.081905647000000000e+09
4.242797618000000000e+09
3.529329152000000000e+09
4.650332810000000000e+08
1.080908163000000000e+09
2.616645379000000000e+09
3.539779248000000000e+09
3.145762764000000000e+09
2.499680111000000000e+09
2.681016017000000000e+09
4.270126366000000000e+09
3.237208317000000000e+09
3.304857569000000000e+09
3.387553803000000000e+09
2.558230880000000000e+08
1.998868225000000000e+09
5.370695710000000000e+08
3.227058184000000000e+09
1.578434580000000000e+08
2.075787435000000000e+09
5.664969150000000000e+08
4.206309804000000000e+09
4.133354993000000000e+09
2.042036224000000000e+09
3.024843106000000000e+09
3.437406618000000000e+09
3.585142727000000000e+09
1.000803470000000000e+09
2.390433265000000000e+09
2.734531694000000000e+09
5.218150740000000000e+08
3.239569450000000000e+09
3.761250712000000000e+09
2.007596800000000000e+07
6.827909140000000000e+08
6.180094500000000000e+07
3.977285132000000000e+09
4.270584143000000000e+09
2.650673085000000000e+09
3.754028212000000000e+09
3.361896606000000000e+09
3.499533460000000000e+08
2.806923292000000000e+09
2.231323003000000000e+09
3.752056645000000000e+09
4.249281242000000000e+09
2.600652110000000000e+08
2.307498418000000000e+09
4.885708800000000000e+08
2.081330708000000000e+09
3.417664439000000000e+09
3.006676158000000000e+09
1.754296419000000000e+09
2.712808434000000000e+09
1.474408513000000000e+09
1.158883860000000000e+08
2.557452803000000000e+09
1.542354559000000000e+09
2.136944127000000000e+09
3.573102588000000000e+09
2.836641537000000000e+09
4.288233519000000000e+09
4.237820152000000000e+09
3.154120495000000000e+09
3.489864532000000000e+09
2.155821184000000000e+09
1.844819270000000000e+08
4.050961391000000000e+09
2.288812016000000000e+09
2.401229690000000000e+08
3.555379243000000000e+09
2.677984381000000000e+09
2.012612027000000000e+09
3.594190848000000000e+09
4.618334990000000000e+08
1.819134904000000000e+09
4.057869348000000000e+09
3.495749384000000000e+09
2.377855378000000000e+09
2.257469310000000000e+08
1.493434174000000000e+09
7.038335000000000000e+07
3.296257775000000000e+09
2.189426367000000000e+09
8.366315430000000000e+08
1.063123186000000000e+09
2.174156545000000000e+09
3.432316318000000000e+09
1.343160412000000000e+09
2.500346992000000000e+09
2.235835712000000000e+09
2.202330880000000000e+08
1.060229122000000000e+09
3.637726043000000000e+09
3.263962580000000000e+09
3.602837260000000000e+08
6.527323000000000000e+08
2.672403530000000000e+09
1.489698816000000000e+09
1.785978177000000000e+09
4.179079237000000000e+09
1.029926384000000000e+09
2.151126145000000000e+09
3.356398609000000000e+09
6.826407620000000000e+08
5.527244730000000000e+08
3.949852080000000000e+08
1.677349800000000000e+07
2.684120319000000000e+09
4.292530175000000000e+09
1.340997235000000000e+09
2.562955280000000000e+08
3.959084162000000000e+09
3.234686281000000000e+09
4.723193120000000000e+08
4.196512000000000000e+07
1.243351040000000000e+08
3.226222592000000000e+09
1.346474544000000000e+09
2.725951510000000000e+09
2.281393143000000000e+09
5.340945200000000000e+08
4.136822556000000000e+09
2.840985600000000000e+09
4.103401294000000000e+09
1.803932523000000000e+09
7.991994270000000000e+08
4.167215524000000000e+09
1.393466304000000000e+09
1.246248520000000000e+08
1.112014596000000000e+09
2.059379739000000000e+09
1.072988625000000000e+09
4.069023344000000000e+09
3.155957780000000000e+08
4.200304703000000000e+09
3.864137522000000000e+09
3.628195343000000000e+09
1.547682025000000000e+09
6.606099600000000000e+07
1.875005507000000000e+09
3.894972422000000000e+09
3.556132356000000000e+09
3.181576524000000000e+09
3.956808856000000000e+09
2.228587395000000000e+09
2.415310721000000000e+09
4.277762716000000000e+09
1.744240640000000000e+09
1.421578769000000000e+09
3.464859158000000000e+09
3.818393414000000000e+09
1.352452662000000000e+09
4.135202559000000000e+09
3.533193209000000000e+09
2.885818347000000000e+09
3.422603289000000000e+09
3.335200000000000000e+04
5.537600000000000000e+04
3.968703900000000000e+07
1.976877053000000000e+09
9.751752640000000000e+08
9.395059230000000000e+08
3.890692763000000000e+09
1.050740477000000000e+09
2.862526688000000000e+09
8.512702070000000000e+08
2.124507791000000000e+09
2.860357471000000000e+09
3.410808291000000000e+09
4.270072709000000000e+09
1.010914630000000000e+08
3.362411304000000000e+09
1.749549056000000000e+09
2.919752285000000000e+09
1.845781616000000000e+09
2.464107668000000000e+09
6.003841280000000000e+08
4.281779007000000000e+09
3.735158652000000000e+09
6.773638420000000000e+08
1.206394943000000000e+09
2.130720915000000000e+09
3.764196967000000000e+09
1.324494840000000000e+09
4.285578399000000000e+09
3.783917694000000000e+09
2.285635042000000000e+09
1.275599908000000000e+09
2.215248248000000000e+09
3.684753000000000000e+06
2.781384429000000000e+09
3.027812351000000000e+09
3.506700262000000000e+09
3.420454670000000000e+09
4.146936130000000000e+08
2.897494081000000000e+09
1.424279905000000000e+09
5.444730880000000000e+08
9.911331900000000000e+08
3.004712775000000000e+09
3.778782225000000000e+09
4.186992735000000000e+09
3.511076020000000000e+09
6.012594800000000000e+07
2.018902004000000000e+09
2.751463139000000000e+09
3.757539321000000000e+09
3.771453887000000000e+09
4.134285144000000000e+09
1.406476000000000000e+06
4.563927930000000000e+08
3.489874646000000000e+09
1.040219224000000000e+09
2.567572000000000000e+07
8.249570000000000000e+06
4.042159110000000000e+08
2.802614268000000000e+09
1.650409183000000000e+09
3.420681503000000000e+09
2.684126759000000000e+09
2.013197704000000000e+09
3.671737708000000000e+09
1.147404288000000000e+09
8.436467050000000000e+08
8.146545500000000000e+08
1.075066546000000000e+09
3.090326439000000000e+09
1.828881910000000000e+08
1.662746623000000000e+09
1.636177030000000000e+08
7.237697980000000000e+08
3.442999042000000000e+09
3.532636272000000000e+09
1.648197854000000000e+09
6.611708800000000000e+07
3.691141120000000000e+08
2.559754720000000000e+08
5.418519340000000000e+08
3.758124633000000000e+09
3.229351932000000000e+09
1.996881790000000000e+08
2.106916863000000000e+09
2.979135484000000000e+09
2.420113394000000000e+09
2.726238280000000000e+08
2.690826387000000000e+09
2.555242198000000000e+09
2.451439616000000000e+09
3.562956989000000000e+09
3.542427736000000000e+09
3.984608820000000000e+09
3.485221679000000000e+09
3.757720447000000000e+09
4.009656583000000000e+09
2.727346268000000000e+09
1.363152987000000000e+09
2.717929952000000000e+09
2.099272000000000000e+06
7.051038370000000000e+08
3.521071102000000000e+09
1.212284891000000000e+09
7.297413640000000000e+08
3.885991999000000000e+09
1.757451450000000000e+08
2.397717359000000000e+09
2.079824275000000000e+09
4.154921525000000000e+09
7.171045080000000000e+08
2.136870545000000000e+09
3.376424267000000000e+09
2.373992205000000000e+09
1.646507826000000000e+09
1.388904448000000000e+09
2.234845020000000000e+08
3.526773780000000000e+08
1.381825231000000000e+09
4.027785983000000000e+09
2.419228414000000000e+09
6.477966870000000000e+08
2.564320500000000000e+09
8.424322580000000000e+08
3.988765367000000000e+09
6.655190400000000000e+07
1.901559815000000000e+09
1.414595600000000000e+08
3.932556800000000000e+07
8.221122560000000000e+08
1.347354905000000000e+09
2.816479770000000000e+09
1.591270895000000000e+09
4.093091813000000000e+09
4.288280845000000000e+09
4.149064957000000000e+09
3.843911493000000000e+09
1.310660759000000000e+09
4.129692403000000000e+09
3.125222289000000000e+09
3.026780160000000000e+09
3.077483070000000000e+08
2.595053284000000000e+09
1.742331898000000000e+09
1.344533854000000000e+09
2.057850940000000000e+09
4.476759500000000000e+07
3.251961820000000000e+09
1.192442836000000000e+09
2.096428023000000000e+09
2.276308860000000000e+09
2.143792067000000000e+09
5.034364120000000000e+08
1.171333100000000000e+08
6.093015000000000000e+07
3.489847486000000000e+09
1.147136000000000000e+06
8.944980000000000000e+06
4.545807360000000000e+08
5.472460880000000000e+08
1.214120961000000000e+09
2.817796435000000000e+09
1.976950912000000000e+09
3.221180751000000000e+09
8.704412470000000000e+08
2.260926464000000000e+09
1.492201982000000000e+09
3.684096259000000000e+09
1.305570011000000000e+09
1.294696970000000000e+08
9.196313680000000000e+08
1.001632736000000000e+09
2.600803846000000000e+09
1.557300547000000000e+09
1.616258385000000000e+09
2.675353700000000000e+07
5.168699510000000000e+08
3.762945135000000000e+09
2.174290941000000000e+09
2.593934940000000000e+08
1.888082000000000000e+08
2.148156933000000000e+09
9.504320800000000000e+07
4.220273920000000000e+08
4.333875650000000000e+08
2.081592990000000000e+08
2.072905508000000000e+09
4.226289174000000000e+09
1.609793374000000000e+09
4.157781300000000000e+09
3.957587968000000000e+09
1.813124668000000000e+09
2.895651223000000000e+09
2.282948434000000000e+09
2.551216671000000000e+09
8.448253300000000000e+07
1.160028100000000000e+08
1.585905562000000000e+09
2.156394994000000000e+09
1.228927542000000000e+09
7.322051890000000000e+08
5.286754380000000000e+08
8.430993760000000000e+08
1.740630032000000000e+09
9.214362400000000000e+07
3.588754709000000000e+09
4.261712991000000000e+09
1.079919612000000000e+09
2.636635520000000000e+08
1.607970304000000000e+09
2.691420410000000000e+09
3.910042298000000000e+09
1.366071853000000000e+09
2.705496219000000000e+09
2.380240728000000000e+09
1.564999680000000000e+08
3.756224163000000000e+09
1.858843295000000000e+09
1.323874901000000000e+09
6.143004890000000000e+08
9.238258960000000000e+08
2.269285322000000000e+09
1.655849703000000000e+09
1.918777362000000000e+09
1.140802477000000000e+09
3.950783284000000000e+09
3.218424007000000000e+09
4.272414975000000000e+09
3.993898995000000000e+09
8.781468000000000000e+06
9.468564300000000000e+08
2.281309172000000000e+09
7.051894400000000000e+08
1.343457280000000000e+08
1.304891943000000000e+09
7.730681120000000000e+08
1.150765822000000000e+09
2.685515421000000000e+09
1.986747387000000000e+09
1.618917522000000000e+09
2.935816192000000000e+09
5.241703460000000000e+08
5.410721510000000000e+08
3.042076382000000000e+09
2.858160204000000000e+09
4.268922860000000000e+08
1.281077857000000000e+09
5.763152720000000000e+08
3.686795544000000000e+09
2.121098141000000000e+09
3.095157013000000000e+09
8.034093470000000000e+08
4.289855997000000000e+09
3.630841590000000000e+09
1.489493506000000000e+09
1.455288842000000000e+09
2.147355823000000000e+09
4.283689023000000000e+09
4.086487283000000000e+09
7.511432960000000000e+08
4.104230694000000000e+09
2.558886361000000000e+09
2.227191097000000000e+09
2.729216470000000000e+09
1.574713328000000000e+09
3.051421696000000000e+09
3.396133540000000000e+08
1.683031856000000000e+09
6.944133300000000000e+07
3.260313956000000000e+09
2.252765164000000000e+09
1.129308215000000000e+09
2.799436265000000000e+09
4.658624610000000000e+08
1.577054828000000000e+09
2.683578880000000000e+08
3.986090024000000000e+09
1.845509130000000000e+08
1.183902365000000000e+09
1.470755380000000000e+08
2.305809827000000000e+09
3.128130030000000000e+09
1.052084880000000000e+08
3.366328138000000000e+09
3.728325299000000000e+09
4.037148157000000000e+09
2.054946496000000000e+09
4.283826188000000000e+09
1.207969708000000000e+09
2.316391401000000000e+09
7.113932800000000000e+08
3.495680800000000000e+08
4.616279450000000000e+08
2.314738456000000000e+09
4.292654847000000000e+09
4.236885983000000000e+09
3.639993849000000000e+09
1.209793421000000000e+09
2.183793916000000000e+09
2.564878024000000000e+09
3.368128000000000000e+07
5.374218300000000000e+08
2.325479666000000000e+09
5.955930890000000000e+08
3.892442352000000000e+09
3.095344933000000000e+09
3.286331600000000000e+09
3.178695151000000000e+09
3.752988159000000000e+09
4.266175485000000000e+09
2.167131766000000000e+09
8.208721430000000000e+08
2.028982520000000000e+09
4.010806570000000000e+08
1.035936026000000000e+09
1.394999296000000000e+09
2.796866559000000000e+09
2.985828313000000000e+09
2.038065037000000000e+09
2.492443350000000000e+09
2.356853416000000000e+09
4.242700930000000000e+09
3.988011009000000000e+09
2.639709370000000000e+08
3.237806204000000000e+09
3.486523141000000000e+09
1.061669123000000000e+09
4.247507071000000000e+09
3.281815546000000000e+09
3.630217107000000000e+09
2.829049885000000000e+09
3.236954496000000000e+09
5.049376000000000000e+07
6.061219860000000000e+08
3.369748487000000000e+09
1.009667670000000000e+08
2.078018906000000000e+09
1.598305582000000000e+09
4.259723698000000000e+09
4.247353812000000000e+09
3.489202176000000000e+09
3.605843247000000000e+09
8.840297420000000000e+08
5.132129250000000000e+08
4.280368751000000000e+09
4.240791295000000000e+09
3.196804840000000000e+08
2.902064265000000000e+09
2.109992993000000000e+09
4.179248000000000000e+06
3.334105600000000000e+07
5.083791450000000000e+08
9.517795920000000000e+08
8.540944050000000000e+08
1.607281775000000000e+09
4.030018482000000000e+09
3.611144400000000000e+07
2.612494225000000000e+09
3.713895487000000000e+09
3.813201375000000000e+09
1.133411287000000000e+09
2.910814493000000000e+09
2.072849638000000000e+09
3.989433758000000000e+09
2.285093582000000000e+09
3.950510080000000000e+09
2.667118631000000000e+09
3.869490110000000000e+09
1.708544954000000000e+09
4.089948162000000000e+09
4.219962317000000000e+09
4.155512115000000000e+09
2.299396728000000000e+09
2.425039290000000000e+09
8.352635360000000000e+08
4.228250551000000000e+09
4.164867583000000000e+09
2.342006269000000000e+09
6.768595200000000000e+08
3.770832897000000000e+09
3.092185256000000000e+09
4.676788190000000000e+08
3.592077302000000000e+09
2.822346214000000000e+09
2.573068022000000000e+09
2.418433912000000000e+09
1.445330563000000000e+09
3.379256597000000000e+09
6.112668950000000000e+08
7.714875160000000000e+08
2.698706944000000000e+09
2.416435558000000000e+09
3.000489063000000000e+09
9.353567920000000000e+08
9.704286240000000000e+08
1.462301706000000000e+09
6.073918050000000000e+08
3.470754928000000000e+09
3.214540518000000000e+09
1.151465785000000000e+09
5.252883550000000000e+08
4.263145535000000000e+09
2.153053096000000000e+09
2.652394200000000000e+07
1.420363001000000000e+09
1.624276772000000000e+09
1.478742473000000000e+09
1.888352800000000000e+07
4.077076701000000000e+09
1.266798148000000000e+09
2.994625930000000000e+08
3.430645252000000000e+09
6.707973400000000000e+07
4.284468488000000000e+09
7.872791600000000000e+07
6.922567680000000000e+08
1.980737308000000000e+09
3.664716363000000000e+09
2.717895107000000000e+09
6.668279690000000000e+08
2.598240484000000000e+09
1.198130112000000000e+09
4.973196820000000000e+08
2.355243000000000000e+06
5.402791140000000000e+08
2.804299227000000000e+09
6.694372000000000000e+07
1.065096197000000000e+09
4.239810687000000000e+09
1.708796947000000000e+09
1.936924750000000000e+09
2.139712624000000000e+09
3.154152263000000000e+09
3.025105021000000000e+09
1.427417080000000000e+09
2.882961058000000000e+09
1.131100229000000000e+09
2.016714733000000000e+09
1.923215166000000000e+09
7.983912270000000000e+08
3.676372992000000000e+09
3.876821940000000000e+08
2.470155794000000000e+09
3.917192619000000000e+09
1.544590918000000000e+09
6.227786160000000000e+08
1.156890432000000000e+09
2.072531969000000000e+09
3.653450844000000000e+09
3.565110209000000000e+09
6.686868400000000000e+07
2.145811303000000000e+09
4.043210623000000000e+09
1.319931858000000000e+09
2.382986339000000000e+09
4.144189530000000000e+09
3.223864098000000000e+09
1.104864000000000000e+06
8.706144000000000000e+06
1.833505380000000000e+08
3.073793239000000000e+09
2.195793167000000000e+09
3.219392424000000000e+09
2.146823955000000000e+09
1.610463832000000000e+09
3.485597696000000000e+09
3.731164205000000000e+09
3.908071118000000000e+09
3.441350154000000000e+09
1.458222720000000000e+08
4.536750730000000000e+08
1.591780591000000000e+09
2.741763785000000000e+09
3.537661345000000000e+09
4.289921006000000000e+09
3.760159038000000000e+09
1.073561426000000000e+09
4.248894204000000000e+09
3.602294628000000000e+09
1.737219755000000000e+09
1.479247954000000000e+09
3.363635760000000000e+09
1.419802242000000000e+09
1.349632000000000000e+08
1.535262720000000000e+08
6.711216840000000000e+08
4.117204108000000000e+09
2.711023793000000000e+09
4.294931571000000000e+09
4.292026790000000000e+09
3.920297984000000000e+09
2.963700285000000000e+09
2.323462317000000000e+09
1.898648223000000000e+09
2.701894695000000000e+09
4.190366666000000000e+09
4.217143724000000000e+09
3.894203350000000000e+08
2.771355373000000000e+09
4.152521670000000000e+08
3.697254185000000000e+09
3.976098111000000000e+09
4.142047743000000000e+09
4.147126080000000000e+09
4.782154510000000000e+08
3.725086256000000000e+09
3.759121782000000000e+09
3.240834040000000000e+09
4.773452760000000000e+08
2.383543010000000000e+09
2.945105036000000000e+09
3.287806132000000000e+09
3.237981286000000000e+09
7.479481050000000000e+08
1.375253925000000000e+09
2.469199872000000000e+09
8.679728540000000000e+08
3.467321596000000000e+09
3.205112099000000000e+09
3.708272895000000000e+09
3.894647255000000000e+09
3.826522400000000000e+07
2.820393150000000000e+08
1.781680730000000000e+08
2.088435870000000000e+09
1.072601482000000000e+09
4.294553600000000000e+09
4.292968615000000000e+09
4.171773723000000000e+09
8.987939790000000000e+08
2.603757529000000000e+09
3.431452718000000000e+09
2.021122813000000000e+09
2.998392760000000000e+09
3.946412830000000000e+08
3.592469728000000000e+09
5.105798460000000000e+08
2.258864192000000000e+09
2.720169493000000000e+09
5.901522260000000000e+08
1.155399680000000000e+09
3.990864353000000000e+09
4.278124455000000000e+09
3.829292395000000000e+09
9.297033600000000000e+08
6.664785980000000000e+08
2.235556122000000000e+09
2.950105687000000000e+09
4.136198685000000000e+09
2.430175013000000000e+09
1.022628791000000000e+09
2.667662833000000000e+09
4.246460959000000000e+09
2.812584956000000000e+09
1.358569446000000000e+09
2.595487285000000000e+09
4.822703240000000000e+08
5.222435840000000000e+08
1.879912448000000000e+09
2.160967680000000000e+09
1.169228288000000000e+09
2.297692730000000000e+08
3.889169223000000000e+09
5.110281430000000000e+08
3.539467690000000000e+09
4.276486144000000000e+09
3.622993782000000000e+09
5.257660530000000000e+08
3.445861010000000000e+09
1.639146836000000000e+09
4.315382460000000000e+08
4.022151215000000000e+09
3.409850820000000000e+08
1.805153361000000000e+09
4.213067903000000000e+09
4.052879932000000000e+09
1.020205539000000000e+09
3.797252110000000000e+09
1.928891100000000000e+08
3.660585693000000000e+09
4.278662421000000000e+09
3.766117772000000000e+09
4.698820810000000000e+08
2.150128021000000000e+09
8.759632650000000000e+08
4.179415017000000000e+09
2.172240719000000000e+09
3.458851708000000000e+09
2.513585399000000000e+09
2.269375727000000000e+09
2.057109504000000000e+09
2.641176566000000000e+09
2.968940028000000000e+09
2.961146044000000000e+09
1.804313835000000000e+09
3.457382775000000000e+09
4.140784971000000000e+09
2.075965082000000000e+09
1.814862820000000000e+09
3.745516731000000000e+09
4.261430027000000000e+09
3.926301567000000000e+09
3.236177407000000000e+09
2.569824400000000000e+07
5.159461280000000000e+08
4.093772252000000000e+09
2.147912518000000000e+09
3.239453116000000000e+09
5.796454100000000000e+07
3.735551986000000000e+09
1.534664530000000000e+08
3.480349534000000000e+09
1.675343343000000000e+09
2.570753130000000000e+08
4.115589998000000000e+09
2.771189760000000000e+09
1.155098826000000000e+09
3.855140629000000000e+09
1.269219490000000000e+08
2.209185518000000000e+09
1.833335062000000000e+09
2.809203761000000000e+09
1.698439560000000000e+09
7.025487700000000000e+07
2.715890809000000000e+09
3.154159083000000000e+09
9.302741000000000000e+06
7.094958000000000000e+06
2.340543744000000000e+09
3.788990541000000000e+09
2.308932741000000000e+09
7.230862390000000000e+08
3.978164601000000000e+09
3.547627231000000000e+09
2.133016089000000000e+09
4.043926655000000000e+09
3.995601406000000000e+09
6.085090630000000000e+08
2.655705749000000000e+09
3.126434860000000000e+08
2.921988096000000000e+09
3.905552423000000000e+09
2.655246352000000000e+09
3.221700744000000000e+09
1.250214889000000000e+09
3.657003247000000000e+09
3.995208638000000000e+09
3.184019420000000000e+09
1.630258662000000000e+09
3.521077370000000000e+08
6.603351720000000000e+08
1.628011815000000000e+09
2.130365300000000000e+07
7.110400100000000000e+07
1.016872963000000000e+09
2.186678115000000000e+09
2.013328999000000000e+09
2.420113087000000000e+09
4.260909055000000000e+09
2.144288119000000000e+09
3.576287743000000000e+09
5.518093930000000000e+08
1.205729000000000000e+06
7.568665600000000000e+07
8.346051600000000000e+07
1.745879040000000000e+08
1.631026890000000000e+09
3.620894718000000000e+09
3.218588221000000000e+09
2.008165888000000000e+09
1.065031180000000000e+09
2.250511110000000000e+08
6.717392000000000000e+07
1.347257230000000000e+08
3.257482600000000000e+07
1.912630398000000000e+09
2.164666277000000000e+09
1.680440955000000000e+09
4.137418668000000000e+09
2.805852685000000000e+09
1.606320222000000000e+09
5.285821460000000000e+08
2.843881184000000000e+09
2.008195081000000000e+09
1.512026112000000000e+09
3.755360703000000000e+09
4.957475270000000000e+08
3.775524858000000000e+09
4.076579093000000000e+09
2.773408831000000000e+09
1.853095936000000000e+09
9.703878050000000000e+08
7.875060850000000000e+08
2.897288259000000000e+09
1.727235000000000000e+07
1.068130579000000000e+09
2.986247678000000000e+09
1.816066426000000000e+09
3.657955022000000000e+09
2.224205267000000000e+09
1.217502450000000000e+08
4.095604911000000000e+09
1.753635200000000000e+07
3.287874600000000000e+08
2.651607095000000000e+09
1.346190190000000000e+08
3.223396085000000000e+09
3.470432000000000000e+06
6.481088030000000000e+08
2.985983227000000000e+09
7.376390170000000000e+08
3.951033107000000000e+09
4.067623321000000000e+09
1.842897852000000000e+09
3.635643310000000000e+09
3.817340928000000000e+09
3.095570658000000000e+09
3.612956488000000000e+09
6.242200800000000000e+07
1.736478867000000000e+09
7.749251040000000000e+08
1.694051053000000000e+09
2.090709598000000000e+09
2.759977918000000000e+09
4.442465090000000000e+08
4.205664447000000000e+09
3.481182204000000000e+09
1.864630214000000000e+09
7.916669100000000000e+08
3.384739521000000000e+09
4.026589193000000000e+09
1.880082499000000000e+09
2.177108400000000000e+09
6.543284940000000000e+08
3.001175788000000000e+09
2.562811937000000000e+09
2.299435242000000000e+09
2.008417520000000000e+08
2.398652126000000000e+09
2.354313320000000000e+08
1.419116544000000000e+09
1.269440010000000000e+08
2.349961667000000000e+09
2.780139671000000000e+09
3.980414847000000000e+09
4.027420671000000000e+09
3.428817360000000000e+08
4.211016710000000000e+09
3.354436164000000000e+09
1.862436207000000000e+09
1.615211887000000000e+09
2.561172320000000000e+08
4.255950735000000000e+09
3.746085370000000000e+09
1.108320178000000000e+09
8.887992100000000000e+08
1.203764848000000000e+09
2.566723015000000000e+09
1.596423189000000000e+09
4.226007287000000000e+09
3.898088888000000000e+09
2.692809584000000000e+09
5.906565280000000000e+08
2.119624198000000000e+09
2.581916161000000000e+09
2.441871360000000000e+09
2.672498399000000000e+09
2.002281791000000000e+09
3.511076224000000000e+09
3.357288437000000000e+09
4.215140858000000000e+09
2.176295094000000000e+09
8.670000980000000000e+08
2.914119433000000000e+09
1.119814022000000000e+09
3.623004060000000000e+09
4.018741770000000000e+08
2.130920451000000000e+09
3.910008894000000000e+09
3.908834300000000000e+09
2.279701933000000000e+09
4.264179087000000000e+09
4.234019367000000000e+09
3.775873278000000000e+09
2.332131104000000000e+09
1.765166160000000000e+09
1.556447291000000000e+09
4.328181770000000000e+08
1.356257819000000000e+09
2.946789363000000000e+09
6.121717760000000000e+08
4.071410872000000000e+09
7.927460260000000000e+08
1.520423910000000000e+08
2.102764543000000000e+09
2.067055483000000000e+09
4.386426850000000000e+08
2.505277408000000000e+09
1.479538719000000000e+09
2.759778854000000000e+09
5.875532800000000000e+07
5.830391060000000000e+08
5.311692860000000000e+08
4.803164300000000000e+08
3.571344446000000000e+09
7.383441160000000000e+08
3.740282806000000000e+09
1.871444926000000000e+09
1.983537135000000000e+09
2.243198752000000000e+09
9.703252480000000000e+08
1.340018842000000000e+09
2.740257500000000000e+09
6.795429360000000000e+08
3.737601513000000000e+09
1.685716992000000000e+09
3.000904986000000000e+09
1.232153717000000000e+09
7.195328080000000000e+08
6.437397290000000000e+08
6.480463070000000000e+08
1.557069821000000000e+09
4.151015219000000000e+09
2.230894519000000000e+09
1.464335745000000000e+09
2.817621775000000000e+09
4.267794431000000000e+09
3.770947549000000000e+09
3.531162340000000000e+08
4.404103220000000000e+08
1.681921300000000000e+09
1.140850752000000000e+09
1.074271750000000000e+09
3.775333559000000000e+09
3.496299583000000000e+09
3.792075200000000000e+07
3.794534056000000000e+09
2.111797588000000000e+09
5.114023780000000000e+08
8.281624440000000000e+08
4.135452672000000000e+09
3.027244161000000000e+09
1.475716402000000000e+09
2.653939765000000000e+09
4.291941375000000000e+09
1.452232650000000000e+09
1.639997360000000000e+08
1.248329024000000000e+09
3.191855129000000000e+09
3.631219316000000000e+09
5.391019520000000000e+08
3.024691200000000000e+07
7.909901390000000000e+08
4.294797191000000000e+09
1.952933095000000000e+09
3.272999876000000000e+09
3.826384559000000000e+09
3.790851455000000000e+09
4.286345215000000000e+09
4.198622156000000000e+09
2.335569620000000000e+09
3.108246106000000000e+09
1.413999843000000000e+09
2.193736111000000000e+09
8.640532580000000000e+08
1.770717184000000000e+09
2.329163594000000000e+09
2.635128481000000000e+09
6.207873280000000000e+08
5.655386560000000000e+08
1.073810884000000000e+09
1.481768900000000000e+08
1.827667814000000000e+09
1.560280517000000000e+09
4.158126636000000000e+09
3.095308415000000000e+09
2.279254524000000000e+09
9.729616670000000000e+08
2.817620250000000000e+08
1.029836296000000000e+09
8.096285440000000000e+08
1.678654630000000000e+09
5.435737280000000000e+08
1.448627200000000000e+07
1.175349130000000000e+08
2.763193948000000000e+09
3.319790474000000000e+09
3.955225963000000000e+09
2.684298159000000000e+09
4.879368600000000000e+07
5.468979200000000000e+08
3.540738292000000000e+09
1.096541448000000000e+09
2.609276726000000000e+09
3.758467563000000000e+09
2.237720063000000000e+09
1.179647300000000000e+07
3.364880344000000000e+09
1.140848458000000000e+09
2.145647095000000000e+09
2.851458020000000000e+08
1.325238080000000000e+08
2.094137369000000000e+09
2.791836224000000000e+09
4.697713340000000000e+08
3.457421644000000000e+09
1.654480486000000000e+09
5.515228110000000000e+08
8.467537880000000000e+08
8.041921250000000000e+08
3.947356095000000000e+09
5.579733900000000000e+08
1.616894509000000000e+09
1.583268560000000000e+09
1.322938982000000000e+09
4.179099648000000000e+09
1.636912412000000000e+09
2.005419962000000000e+09
2.210529238000000000e+09
6.770911200000000000e+07
2.368828818000000000e+09
1.110368984000000000e+09
9.122295900000000000e+08
1.539862278000000000e+09
3.111974075000000000e+09
3.806067881000000000e+09
1.426602776000000000e+09
2.343557000000000000e+06
8.245321000000000000e+06
1.119047290000000000e+08
1.845620544000000000e+09
4.028610375000000000e+09
6.706738400000000000e+07
1.919725532000000000e+09
1.219657024000000000e+09
3.743598605000000000e+09
2.020074123000000000e+09
3.939420431000000000e+09
1.584431631000000000e+09
2.656606160000000000e+08
3.826384896000000000e+09
2.373027149000000000e+09
3.860350720000000000e+08
3.437872660000000000e+08
2.729470976000000000e+09
1.575646080000000000e+09
1.266872326000000000e+09
1.588008984000000000e+09
2.592703965000000000e+09
6.606846700000000000e+07
2.130818815000000000e+09
3.773988861000000000e+09
5.356912080000000000e+08
3.946311778000000000e+09
2.322273492000000000e+09
1.745911297000000000e+09
1.174679060000000000e+08
3.231330327000000000e+09
3.234948302000000000e+09
3.170443440000000000e+09
1.334927122000000000e+09
4.208856000000000000e+07
1.960402010000000000e+08
3.538165961000000000e+09
1.626873310000000000e+08
4.183425024000000000e+09
2.679175402000000000e+09
9.946883810000000000e+08
4.837144510000000000e+08
3.184026078000000000e+09
2.142075980000000000e+09
1.472029165000000000e+09
1.203773408000000000e+09
4.280416318000000000e+09
2.956935644000000000e+09
6.708275300000000000e+07
1.041375503000000000e+09
4.152038652000000000e+09
3.487368638000000000e+09
1.373765624000000000e+09
3.905101509000000000e+09
2.818667024000000000e+09
1.002732800000000000e+07
4.840764520000000000e+08
5.436458200000000000e+08
2.373375008000000000e+09
1.114652200000000000e+08
1.329564568000000000e+09
2.675197513000000000e+09
3.466405138000000000e+09
2.969305088000000000e+09
2.707822738000000000e+09
1.081329045000000000e+09
1.683818035000000000e+09
3.457148735000000000e+09
4.253843417000000000e+09
5.640574000000000000e+07
3.804885046000000000e+09
3.459711095000000000e+09
4.075814994000000000e+09
4.326297600000000000e+07
1.535125507000000000e+09
3.088252990000000000e+09
2.233477080000000000e+08
1.417722946000000000e+09
3.775196464000000000e+09
3.768200223000000000e+09
1.414127892000000000e+09
1.039464899000000000e+09
1.763766273000000000e+09
7.319019580000000000e+08
4.174446796000000000e+09
2.003845792000000000e+09
4.266643568000000000e+09
3.220692080000000000e+09
1.742405632000000000e+09
1.022943069000000000e+09
4.316385870000000000e+08
4.285164483000000000e+09
4.016586247000000000e+09
4.286482967000000000e+09
3.089244158000000000e+09
2.651422509000000000e+09
1.286111394000000000e+09
5.326788180000000000e+08
4.160753247000000000e+09
3.223245800000000000e+09
5.690417920000000000e+08
9.737647380000000000e+08
4.079452921000000000e+09
3.536328563000000000e+09
2.801986370000000000e+09
1.090435963000000000e+09
2.682533119000000000e+09
4.070711293000000000e+09
1.321263026000000000e+09
1.986929326000000000e+09
2.311028903000000000e+09
3.014096363000000000e+09
3.987291515000000000e+09
1.257177088000000000e+09
7.974382800000000000e+07
7.060759610000000000e+08
2.295889080000000000e+09
3.749354430000000000e+08
5.189808640000000000e+08
3.118764039000000000e+09
3.542745899000000000e+09
1.762288530000000000e+08
1.405632299000000000e+09
4.287028735000000000e+09
3.897141246000000000e+09
2.196635526000000000e+09
1.226252495000000000e+09
4.612433330000000000e+08
4.488499550000000000e+08
4.037800520000000000e+08
1.430108800000000000e+07
8.141694450000000000e+08
1.578143132000000000e+09
1.105245516000000000e+09
8.015755890000000000e+08
2.873119532000000000e+09
1.925687178000000000e+09
1.114768227000000000e+09
2.327838720000000000e+09
2.146334552000000000e+09
2.780964938000000000e+09
3.625037078000000000e+09
4.053631231000000000e+09
3.593056127000000000e+09
1.632346102000000000e+09
2.690907850000000000e+08
3.039556154000000000e+09
1.111459216000000000e+09
1.671961600000000000e+07
2.470891840000000000e+08
3.965730816000000000e+09
1.914800000000000000e+08
2.478574610000000000e+09
3.485508610000000000e+09
2.094577503000000000e+09
2.972970621000000000e+09
1.723751902000000000e+09
2.680745210000000000e+08
4.059560284000000000e+09
4.172749996000000000e+09
3.457156052000000000e+09
4.132830108000000000e+09
1.135510850000000000e+08
2.146828288000000000e+09
4.275590180000000000e+09
6.042289730000000000e+08
2.850821499000000000e+09
3.181748530000000000e+09
1.985031730000000000e+09
1.184593700000000000e+09
3.232546838000000000e+09
1.873447030000000000e+09
2.795243896000000000e+09
1.719703492000000000e+09
4.245520495000000000e+09
3.224372349000000000e+09
1.098909640000000000e+09
1.610743298000000000e+09
2.685400021000000000e+09
3.251389200000000000e+07
2.633087050000000000e+08
4.247429703000000000e+09
3.900877431000000000e+09
1.737228776000000000e+09
3.607151880000000000e+08
2.152060310000000000e+08
1.536711121000000000e+09
3.715742872000000000e+09
1.140523008000000000e+09
3.569261221000000000e+09
1.858466383000000000e+09
3.795944356000000000e+09
5.538591050000000000e+08
4.088267678000000000e+09
4.045970270000000000e+09
4.291817207000000000e+09
1.840414230000000000e+08
1.875786060000000000e+09
4.192589160000000000e+09
2.220656624000000000e+09
1.896268800000000000e+07
2.031463000000000000e+08
1.318196015000000000e+09
3.948358400000000000e+08
4.103903735000000000e+09
2.663733680000000000e+08
3.780810244000000000e+09
2.269580225000000000e+09
1.411636910000000000e+09
2.116031200000000000e+09
2.410396960000000000e+09
3.507246366000000000e+09
1.475366611000000000e+09
3.548053504000000000e+09
1.250727367000000000e+09
1.224292211000000000e+09
1.061121886000000000e+09
9.624787000000000000e+06
3.562540770000000000e+08
2.616740218000000000e+09
1.881158990000000000e+09
2.147504396000000000e+09
3.731010753000000000e+09
3.827047007000000000e+09
2.163465084000000000e+09
5.250908090000000000e+08
4.285530098000000000e+09
3.726472993000000000e+09
3.187663580000000000e+09
1.072737073000000000e+09
4.262118957000000000e+09
2.958778436000000000e+09
2.751075346000000000e+09
1.004599250000000000e+09
1.040317253000000000e+09
4.060656650000000000e+09
2.695708680000000000e+08
3.049260970000000000e+08
2.446655488000000000e+09
1.396571107000000000e+09
3.682487276000000000e+09
3.119984773000000000e+09
2.633678464000000000e+09
2.683738134000000000e+09
4.062661222000000000e+09
5.116006640000000000e+08
3.692039330000000000e+09
7.382736040000000000e+08
5.369029580000000000e+08
2.151869432000000000e+09
4.218994591000000000e+09
3.937139187000000000e+09
1.073717187000000000e+09
1.342175092000000000e+09
1.061106308000000000e+09
2.145228354000000000e+09
1.230297115000000000e+09
2.601854200000000000e+07
1.323050419000000000e+09
5.872416500000000000e+07
4.167073403000000000e+09
2.947571020000000000e+08
4.209197718000000000e+09
3.419865088000000000e+09
2.694435199000000000e+09
3.731565479000000000e+09
1.887757767000000000e+09
3.084515293000000000e+09
3.461569184000000000e+09
1.793042189000000000e+09
3.623782365000000000e+09
4.178615917000000000e+09
1.375249364000000000e+09
3.588882016000000000e+09
3.150814802000000000e+09
8.825948310000000000e+08
2.991665548000000000e+09
4.112768707000000000e+09
5.276910060000000000e+08
4.981473240000000000e+08
7.704260540000000000e+08
3.821536603000000000e+09
3.203585005000000000e+09
3.875249059000000000e+09
1.558378971000000000e+09
2.144197225000000000e+09
1.920944556000000000e+09
1.471367143000000000e+09
1.531510784000000000e+09
3.610870114000000000e+09
2.585380941000000000e+09
3.311301810000000000e+08
1.299626240000000000e+08
5.784455520000000000e+08
2.426502215000000000e+09
1.684393979000000000e+09
3.636307897000000000e+09
2.147481888000000000e+09
3.053434815000000000e+09
3.229151204000000000e+09
2.542272259000000000e+09
4.185378914000000000e+09
2.259028367000000000e+09
1.996016186000000000e+09
1.466435908000000000e+09
3.019919875000000000e+09
3.759243386000000000e+09
1.603304000000000000e+07
6.212893450000000000e+08
3.264149956000000000e+09
2.401163910000000000e+08
3.753335653000000000e+09
3.184320180000000000e+08
2.104819712000000000e+09
4.141628017000000000e+09
4.158395579000000000e+09
4.196037964000000000e+09
1.790957294000000000e+09
1.894055645000000000e+09
2.830481000000000000e+07
1.634239715000000000e+09
2.680272399000000000e+09
2.953632316000000000e+09
3.273344100000000000e+07
4.230576895000000000e+09
2.502823924000000000e+09
2.195371270000000000e+08
4.278582994000000000e+09
1.925185452000000000e+09
2.954886102000000000e+09
9.057088000000000000e+06
4.627968100000000000e+07
2.109169813000000000e+09
3.508375024000000000e+09
1.368113019000000000e+09
8.314166000000000000e+07
4.208004528000000000e+09
1.372778558000000000e+09
4.114415616000000000e+09
4.293716226000000000e+09
1.597466420000000000e+09
2.419140290000000000e+09
1.709407020000000000e+08
1.173280299000000000e+09
3.287459029000000000e+09
3.063194825000000000e+09
3.710134947000000000e+09
2.509030368000000000e+09
2.431921527000000000e+09
2.680312783000000000e+09
4.225756159000000000e+09
3.207665637000000000e+09
3.130129703000000000e+09
1.346343088000000000e+09
2.668634960000000000e+08
3.858874900000000000e+08
3.356149791000000000e+09
1.824441000000000000e+07
1.834935109000000000e+09
4.219334959000000000e+09
4.149409795000000000e+09
3.367583990000000000e+08
7.250224630000000000e+08
3.210674176000000000e+09
2.959474818000000000e+09
1.733582551000000000e+09
3.289533901000000000e+09
4.290165247000000000e+09
2.717581247000000000e+09
4.095733758000000000e+09
4.205017513000000000e+09
3.052995820000000000e+09
2.822774580000000000e+09
1.364812800000000000e+07
1.845535330000000000e+08
1.616970070000000000e+09
2.199393268000000000e+09
1.017170254000000000e+09
3.691028435000000000e+09
3.759143103000000000e+09
2.281568247000000000e+09
3.892084732000000000e+09
3.754164203000000000e+09
4.167029247000000000e+09
3.852665703000000000e+09
3.416676247000000000e+09
3.480995766000000000e+09
3.105303116000000000e+09
2.465005568000000000e+09
1.704541599000000000e+09
2.359469711000000000e+09
3.164798182000000000e+09
4.053706499000000000e+09
9.896345620000000000e+08
2.613708352000000000e+09
9.219459040000000000e+08
3.188566003000000000e+09
4.127123294000000000e+09
5.154769810000000000e+08
4.293844806000000000e+09
2.681690168000000000e+09
4.137549826000000000e+09
2.058363913000000000e+09
3.649335611000000000e+09
3.417312112000000000e+09
2.130714373000000000e+09
2.698158160000000000e+08
1.641536000000000000e+06
1.550003401000000000e+09
1.241344132000000000e+09
4.125333751000000000e+09
1.306491559000000000e+09
1.062154056000000000e+09
1.998323712000000000e+09
1.609747707000000000e+09
1.644473820000000000e+09
4.277130556000000000e+09
3.752748116000000000e+09
2.542286848000000000e+09
1.172511045000000000e+09
9.480755230000000000e+08
2.281947183000000000e+09
7.864626000000000000e+06
2.164270347000000000e+09
2.072768455000000000e+09
3.587092221000000000e+09
4.162936822000000000e+09
1.600093408000000000e+09
2.045837464000000000e+09
3.199933936000000000e+09
4.200509203000000000e+09
1.575739521000000000e+09
3.897828389000000000e+09
2.268386800000000000e+07
1.619525753000000000e+09
2.774542302000000000e+09
1.328406383000000000e+09
9.814549350000000000e+08
2.900754432000000000e+09
1.270756359000000000e+09
1.378111169000000000e+09
4.106267402000000000e+09
2.769911838000000000e+09
1.888118082000000000e+09
2.391193327000000000e+09
1.593441230000000000e+09
3.858759581000000000e+09
3.555458187000000000e+09
1.072145353000000000e+09
4.256897027000000000e+09
1.816723555000000000e+09
1.120407108000000000e+09
2.382397720000000000e+09
3.091726349000000000e+09
2.089279527000000000e+09
1.089421564000000000e+09
2.975866240000000000e+08
2.581780510000000000e+08
3.316379745000000000e+09
3.919527948000000000e+09
3.439268308000000000e+09
1.073471692000000000e+09
1.839150401000000000e+09
3.657433088000000000e+09
1.347676500000000000e+08
2.709990553000000000e+09
2.022884779000000000e+09
3.595187510000000000e+08
2.845958140000000000e+09
2.769125341000000000e+09
5.410565230000000000e+08
2.797339882000000000e+09
4.018176306000000000e+09
1.744835244000000000e+09
4.250054000000000000e+07
2.111243151000000000e+09
1.322319868000000000e+09
3.652419433000000000e+09
8.713329510000000000e+08
2.400694888000000000e+09
1.358801098000000000e+09
1.059149057000000000e+09
4.253255295000000000e+09
3.969949657000000000e+09
3.500015126000000000e+09
1.532606085000000000e+09
1.816443293000000000e+09
1.282537728000000000e+09
1.276379136000000000e+09
2.935598102000000000e+09
3.334285992000000000e+09
1.466894005000000000e+09
4.291591060000000000e+09
4.288314698000000000e+09
1.293336610000000000e+09
2.995258380000000000e+09
1.375764785000000000e+09
1.073751034000000000e+09
6.923318800000000000e+07
2.151220520000000000e+09
1.005566720000000000e+08
3.088055771000000000e+09
4.034903419000000000e+09
2.482728829000000000e+09
3.455997847000000000e+09
2.079782452000000000e+09
3.165592159000000000e+09
2.892209143000000000e+09
3.730145301000000000e+09
2.678587410000000000e+09
2.559578775000000000e+09
4.031455727000000000e+09
1.853085510000000000e+08
4.002480128000000000e+09
2.403974490000000000e+08
2.367777612000000000e+09
2.342108691000000000e+09
4.261311983000000000e+09
2.466905593000000000e+09
1.164049008000000000e+09
8.512286770000000000e+08
1.967501392000000000e+09
5.401150670000000000e+08
6.010992320000000000e+08
4.289071651000000000e+09
2.971468159000000000e+09
5.253406130000000000e+08
3.364355093000000000e+09
2.851228810000000000e+08
1.474384664000000000e+09
4.173209926000000000e+09
1.207658731000000000e+09
4.291969615000000000e+09
2.122212210000000000e+08
4.112504607000000000e+09
4.018832089000000000e+09
1.682121082000000000e+09
1.520170210000000000e+08
9.823846400000000000e+07
1.117128755000000000e+09
5.591695570000000000e+08
1.923201404000000000e+09
1.512574710000000000e+08
2.564918770000000000e+09
5.554160000000000000e+06
1.136132035000000000e+09
1.738537018000000000e+09
3.481020935000000000e+09
2.280672936000000000e+09
4.126813743000000000e+09
2.139013373000000000e+09
3.868336050000000000e+09
1.853935618000000000e+09
2.627470219000000000e+09
3.485492728000000000e+09
9.414579260000000000e+08
4.046886800000000000e+07
8.738357560000000000e+08
3.644759140000000000e+08
4.045594327000000000e+09
3.690958280000000000e+09
3.523085880000000000e+08
1.205772508000000000e+09
2.603941888000000000e+09
3.538388926000000000e+09
2.907960690000000000e+09
2.414525923000000000e+09
1.184267917000000000e+09
1.633135102000000000e+09
3.949504815000000000e+09
1.664087345000000000e+09
4.226362509000000000e+09
2.071842451000000000e+09
4.852684300000000000e+07
3.381591734000000000e+09
3.686012586000000000e+09
1.875908122000000000e+09
3.753611704000000000e+09
6.455067990000000000e+08
3.730210020000000000e+09
1.002868348000000000e+09
3.773363379000000000e+09
1.762174620000000000e+08
3.711801572000000000e+09
2.799203899000000000e+09
1.576562501000000000e+09
1.595928439000000000e+09
2.527557361000000000e+09
1.861812224000000000e+09
1.523585369000000000e+09
1.469760071000000000e+09
9.759401280000000000e+08
2.222020756000000000e+09
1.296216866000000000e+09
1.473943860000000000e+08
1.680327920000000000e+08
2.845772746000000000e+09
8.043548610000000000e+08
3.189739519000000000e+09
3.264849788000000000e+09
1.603176326000000000e+09
5.706016440000000000e+08
3.149367186000000000e+09
2.562819851000000000e+09
1.796249497000000000e+09
4.029456447000000000e+09
2.257179232000000000e+09
2.949249290000000000e+08
2.498772000000000000e+09
7.299900320000000000e+08
1.424110920000000000e+08
1.888320969000000000e+09
3.220979076000000000e+09
2.443575296000000000e+09
3.528354661000000000e+09
1.233293300000000000e+07
7.990345380000000000e+08
4.160498540000000000e+09
3.218908169000000000e+09
3.721007681000000000e+09
3.066086729000000000e+09
1.612120236000000000e+09
2.673879000000000000e+08
9.527849730000000000e+08
2.247544960000000000e+08
7.646574120000000000e+08
2.024526014000000000e+09
3.405121494000000000e+09
2.549219317000000000e+09
4.074450139000000000e+09
3.755774481000000000e+09
4.135789055000000000e+09
2.157808898000000000e+09
2.722799618000000000e+09
2.202022500000000000e+07
5.873103200000000000e+07
3.861888683000000000e+09
2.375826851000000000e+09
3.065577472000000000e+09
3.078548591000000000e+09
3.774204483000000000e+09
3.353947145000000000e+09
1.507844912000000000e+09
2.588889620000000000e+08
1.198309380000000000e+09
2.705334272000000000e+09
1.543766079000000000e+09
1.483000000000000000e+03
2.695122750000000000e+08
2.349308920000000000e+09
4.270382911000000000e+09
3.966236670000000000e+09
1.248673788000000000e+09
3.945528459000000000e+09
3.909087937000000000e+09
1.607044608000000000e+09
2.125434899000000000e+09
3.774458389000000000e+09
4.928307280000000000e+08
2.011169595000000000e+09
8.045186620000000000e+08
9.434464300000000000e+08
8.398082070000000000e+08
2.888761344000000000e+09
3.479841975000000000e+09
1.184692175000000000e+09
2.671040438000000000e+09
2.014777409000000000e+09
4.938186710000000000e+08
1.783453726000000000e+09
1.769964374000000000e+09
3.221094305000000000e+09
2.680156350000000000e+09
2.088604563000000000e+09
2.262140864000000000e+09
9.899930000000000000e+07
4.809031780000000000e+08
3.277849206000000000e+09
2.638254633000000000e+09
1.681743375000000000e+09
3.658008479000000000e+09
3.919777752000000000e+09
2.954280750000000000e+08
2.254041691000000000e+09
4.273928710000000000e+09
1.872380156000000000e+09
2.952025147000000000e+09
2.135467518000000000e+09
2.272788480000000000e+09
2.339768061000000000e+09
1.352401484000000000e+09
2.127960734000000000e+09
4.289021687000000000e+09
1.509945600000000000e+08
1.036421120000000000e+08
1.941748747000000000e+09
2.072970287000000000e+09
1.643119733000000000e+09
1.057799675000000000e+09
3.772851535000000000e+09
2.207174678000000000e+09
4.218667390000000000e+09
6.459289530000000000e+08
2.625830065000000000e+09
1.208014544000000000e+09
6.662592000000000000e+07
4.283101199000000000e+09
3.772220154000000000e+09
2.997624320000000000e+08
9.270743740000000000e+08
3.488092073000000000e+09
2.077007717000000000e+09
4.294925459000000000e+09
2.764374016000000000e+09
1.659479124000000000e+09
4.152689109000000000e+09
2.681824410000000000e+09
3.887372723000000000e+09
4.183582957000000000e+09
4.048742655000000000e+09
1.868769533000000000e+09
1.633451978000000000e+09
3.205684819000000000e+09
2.717998818000000000e+09
1.881065487000000000e+09
8.072729290000000000e+08
4.247526400000000000e+07
2.264986124000000000e+09
3.395166965000000000e+09
2.196942144000000000e+09
3.219124095000000000e+09
1.568508346000000000e+09
2.146615279000000000e+09
3.206012607000000000e+09
5.694335940000000000e+08
2.762957206000000000e+09
2.890216340000000000e+08
2.152774878000000000e+09
8.624537600000000000e+07
1.856706803000000000e+09
4.220206314000000000e+09
3.183237873000000000e+09
2.131425807000000000e+09
3.767030526000000000e+09
3.954448511000000000e+09
1.883252245000000000e+09
3.021136218000000000e+09
2.871656600000000000e+07
5.329475340000000000e+08
4.170905423000000000e+09
2.614467300000000000e+07
5.163089970000000000e+08
2.491351080000000000e+09
3.115320579000000000e+09
3.338743277000000000e+09
1.629916975000000000e+09
4.180233595000000000e+09
4.214739963000000000e+09
3.418789857000000000e+09
3.621010958000000000e+09
4.368655300000000000e+08
4.739981880000000000e+08
3.236013672000000000e+09
1.257111552000000000e+09
3.538215546000000000e+09
1.287573030000000000e+08
3.511916386000000000e+09
7.534427600000000000e+07
5.678071680000000000e+08
2.001287759000000000e+09
2.468077596000000000e+09
2.214363577000000000e+09
1.070598471000000000e+09
4.261923583000000000e+09
4.027277255000000000e+09
2.551609385000000000e+09
5.304213840000000000e+08
4.032256250000000000e+08
3.695215052000000000e+09
2.456480516000000000e+09
1.898688017000000000e+09
1.719308536000000000e+09
2.623295973000000000e+09
4.121031510000000000e+09
1.196038653000000000e+09
3.825327296000000000e+09
2.444701890000000000e+09
3.656060554000000000e+09
1.641611264000000000e+09
3.923192963000000000e+09
4.252981319000000000e+09
4.249218940000000000e+09
8.950483900000000000e+08
1.230002143000000000e+09
3.992384771000000000e+09
4.265806369000000000e+09
2.720006596000000000e+09
7.717663630000000000e+08
3.774966397000000000e+09
1.287935840000000000e+08
2.947014535000000000e+09
4.603248500000000000e+08
3.407437058000000000e+09
2.615140407000000000e+09
1.038759237000000000e+09
3.720894848000000000e+09
3.377807769000000000e+09
1.592150013000000000e+09
3.977293054000000000e+09
4.051718142000000000e+09
1.813101957000000000e+09
2.213248270000000000e+08
1.349619570000000000e+08
4.098359296000000000e+09
3.300627392000000000e+09
4.293157651000000000e+09
2.061604118000000000e+09
2.604798381000000000e+09
3.020756469000000000e+09
1.170571520000000000e+08
2.727608340000000000e+08
1.342177282000000000e+09
2.148233668000000000e+09
2.214563168000000000e+09
2.146530814000000000e+09
3.216631760000000000e+09
2.030828043000000000e+09
2.533317560000000000e+09
3.477321292000000000e+09
3.011847215000000000e+09
4.086925163000000000e+09
3.773784565000000000e+09
1.771147777000000000e+09
1.931086838000000000e+09
1.612423280000000000e+08
4.234707416000000000e+09
2.171190000000000000e+05
5.472543880000000000e+08
1.085734912000000000e+09
2.840183480000000000e+08
4.093421824000000000e+09
3.401369147000000000e+09
2.672315967000000000e+09
4.203444943000000000e+09
2.133323699000000000e+09
3.900569014000000000e+09
3.376401848000000000e+09
3.270519840000000000e+09
3.154234887000000000e+09
3.758541436000000000e+09
1.463897600000000000e+07
4.856811750000000000e+08
3.737060728000000000e+09
1.077944309000000000e+09
2.684582905000000000e+09
8.378328000000000000e+06
5.188706870000000000e+08
4.156507647000000000e+09
4.114399228000000000e+09
8.708253800000000000e+08
3.036666138000000000e+09
1.233415944000000000e+09
3.846066322000000000e+09
2.813394944000000000e+09
2.780773807000000000e+09
3.866438279000000000e+09
1.092315690000000000e+09
1.604364800000000000e+07
1.268768771000000000e+09
4.260153407000000000e+09
2.861434876000000000e+09
2.923475923000000000e+09
9.403266710000000000e+08
4.026592927000000000e+09
2.416413692000000000e+09
7.857764800000000000e+07
6.598160920000000000e+08
4.009685771000000000e+09
5.629549090000000000e+08
2.844436260000000000e+08
1.250434890000000000e+09
3.798151852000000000e+09
1.363414101000000000e+09
3.671680223000000000e+09
3.928795599000000000e+09
2.945318911000000000e+09
3.760370469000000000e+09
3.278833129000000000e+09
1.246756864000000000e+09
3.650894416000000000e+09
1.204249687000000000e+09
4.505629500000000000e+07
3.557439006000000000e+09
1.882435200000000000e+07
5.761177680000000000e+08
3.309174882000000000e+09
4.435623900000000000e+08
1.145036861000000000e+09
8.052957620000000000e+08
4.292188255000000000e+09
4.003432191000000000e+09
1.413220862000000000e+09
1.916927909000000000e+09
2.378954450000000000e+09
3.095196851000000000e+09
2.280813008000000000e+09
1.557110023000000000e+09
3.516575766000000000e+09
1.500779825000000000e+09
4.155507245000000000e+09
4.540729640000000000e+08
2.135237040000000000e+08
1.318458951000000000e+09
2.686976000000000000e+08
3.111246771000000000e+09
4.219501013000000000e+09
3.302765240000000000e+09
4.038113121000000000e+09
2.027013154000000000e+09
9.652373040000000000e+08
7.318297070000000000e+08
3.554119696000000000e+09
2.139030779000000000e+09
4.177274109000000000e+09
1.073119171000000000e+09
4.266819711000000000e+09
2.914783202000000000e+09
3.087137795000000000e+09
3.225387050000000000e+09
1.334323040000000000e+08
2.116055042000000000e+09
3.761568780000000000e+09
2.907242570000000000e+08
4.509624270000000000e+08
5.072404370000000000e+08
3.798807549000000000e+09
1.811846267000000000e+09
4.026457558000000000e+09
2.871263232000000000e+09
3.466262397000000000e+09
2.663977292000000000e+09
5.843801930000000000e+08
1.097083309000000000e+09
1.229480147000000000e+09
2.452115455000000000e+09
6.963188820000000000e+08
2.250763920000000000e+09
3.714145707000000000e+09
1.981767279000000000e+09
4.059760639000000000e+09
3.210477565000000000e+09
4.072486504000000000e+09
1.984439530000000000e+08
1.757448224000000000e+09
2.147865193000000000e+09
2.774140000000000000e+06
5.330572800000000000e+08
1.880489481000000000e+09
2.045600650000000000e+08
2.443180859000000000e+09
2.143172955000000000e+09
1.272897541000000000e+09
1.821984962000000000e+09
1.770520576000000000e+09
2.427118760000000000e+08
3.002506635000000000e+09
3.798087396000000000e+09
2.572532800000000000e+07
2.327876908000000000e+09
4.111021031000000000e+09
3.812318842000000000e+09
3.295935461000000000e+09
9.908954070000000000e+08
4.177252159000000000e+09
3.473418236000000000e+09
4.041913990000000000e+09
1.593765860000000000e+08
2.264860163000000000e+09
1.126287458000000000e+09
5.448754730000000000e+08
9.397804800000000000e+07
3.223024642000000000e+09
2.183168132000000000e+09
1.654877837000000000e+09
2.123824121000000000e+09
1.996306477000000000e+09
2.849091207000000000e+09
2.069571260000000000e+09
3.800563712000000000e+09
3.974065269000000000e+09
1.588993433000000000e+09
3.792005846000000000e+09
2.259411086000000000e+09
9.493734790000000000e+08
3.036598347000000000e+09
3.470655984000000000e+09
1.329607973000000000e+09
4.144495039000000000e+09
4.174678942000000000e+09
2.394152184000000000e+09
4.194399182000000000e+09
4.009729788000000000e+09
7.199783310000000000e+08
2.988319900000000000e+08
1.023170045000000000e+09
3.595074768000000000e+09
8.647770000000000000e+05
1.169369759000000000e+09
3.868765629000000000e+09
2.768754469000000000e+09
2.688994171000000000e+09
3.392193711000000000e+09
1.968224242000000000e+09
3.016687616000000000e+09
1.390862728000000000e+09
3.985504803000000000e+09
3.255560511000000000e+09
7.744939380000000000e+08
1.363432512000000000e+09
1.105100780000000000e+09
1.766719426000000000e+09
1.479015894000000000e+09
2.835259454000000000e+09
1.274448994000000000e+09
2.010324567000000000e+09
4.188141679000000000e+09
3.890725235000000000e+09
2.370308038000000000e+09
1.279295086000000000e+09
1.459734971000000000e+09
2.657980000000000000e+06
3.106995370000000000e+08
2.353442816000000000e+09
2.256757784000000000e+09
2.263617080000000000e+09
2.885358695000000000e+09
2.683569390000000000e+08
3.070078257000000000e+09
4.095016960000000000e+09
2.238142746000000000e+09
1.550709282000000000e+09
7.667484100000000000e+07
2.601819225000000000e+09
1.159168949000000000e+09
2.308788150000000000e+08
5.488631610000000000e+08
5.583640540000000000e+08
1.924174680000000000e+08
1.200475881000000000e+09
9.399534470000000000e+08
4.028040319000000000e+09
9.811724800000000000e+07
1.862335622000000000e+09
1.015534143000000000e+09
5.445000600000000000e+08
6.264228400000000000e+07
1.895034567000000000e+09
2.354297883000000000e+09
1.893106391000000000e+09
1.340212997000000000e+09
3.345638968000000000e+09
5.295083980000000000e+08
4.839068480000000000e+08
1.239023616000000000e+09
1.060152991000000000e+09
1.952577109000000000e+09
1.963963368000000000e+09
1.342196744000000000e+09
1.276566410000000000e+08
2.533457943000000000e+09
2.114719807000000000e+09
4.160777677000000000e+09
4.085308927000000000e+09
4.111418495000000000e+09
4.289744891000000000e+09
4.294246267000000000e+09
4.185899962000000000e+09
1.359048002000000000e+09
1.535897697000000000e+09
3.354921441000000000e+09
2.132810760000000000e+09
1.099079680000000000e+09
2.147942409000000000e+09
7.372182800000000000e+08
3.296854969000000000e+09
3.559964615000000000e+09
2.786715995000000000e+09
2.753340234000000000e+09
7.176847360000000000e+08
1.626156467000000000e+09
6.674416700000000000e+07
3.241692405000000000e+09
4.265926959000000000e+09
4.257067262000000000e+09
1.445401419000000000e+09
4.196417599000000000e+09
3.154142804000000000e+09
5.370417920000000000e+08
1.642154400000000000e+07
1.490821375000000000e+09
1.577604860000000000e+08
1.372016639000000000e+09
1.388237184000000000e+09
2.262966177000000000e+09
3.792668197000000000e+09
2.230150008000000000e+09
1.288403839000000000e+09
4.168183486000000000e+09
1.232076640000000000e+08
1.875378131000000000e+09
4.165174801000000000e+09
1.342183700000000000e+09
3.497840000000000000e+06
4.158980096000000000e+09
3.976272425000000000e+09
3.691907208000000000e+09
3.889967398000000000e+09
3.445887817000000000e+09
1.984270848000000000e+09
4.178876423000000000e+09
1.329725450000000000e+08
3.724137023000000000e+09
4.260917343000000000e+09
4.287150781000000000e+09
2.063161857000000000e+09
1.593548800000000000e+08
3.034382339000000000e+09
1.002446972000000000e+09
3.255787464000000000e+09
1.123668657000000000e+09
1.606864847000000000e+09
4.230995199000000000e+09
1.083671540000000000e+09
5.164743370000000000e+08
2.324781143000000000e+09
1.040288583000000000e+09
1.946766161000000000e+09
4.259183503000000000e+09
4.157538304000000000e+09
3.922581345000000000e+09
6.113101370000000000e+08
4.207400888000000000e+09
2.247137314000000000e+09
2.765304320000000000e+09
3.132557450000000000e+09
8.745533790000000000e+08
1.854226480000000000e+09
3.225159639000000000e+09
2.739936854000000000e+09
8.886638500000000000e+07
2.129567503000000000e+09
4.046943231000000000e+09
4.277895041000000000e+09
3.253204270000000000e+09
2.809573024000000000e+09
4.219745029000000000e+09
3.766525979000000000e+09
5.524367280000000000e+08
3.830697650000000000e+08
7.007781710000000000e+08
1.226852227000000000e+09
3.024179453000000000e+09
2.594674207000000000e+09
3.463118848000000000e+09
1.427993336000000000e+09
3.845816056000000000e+09
1.346726528000000000e+09
6.584320000000000000e+05
6.078956970000000000e+08
2.108170751000000000e+09
3.499933685000000000e+09
1.219952601000000000e+09
3.538943354000000000e+09
1.493087547000000000e+09
1.032776681000000000e+09
3.764027222000000000e+09
4.390834400000000000e+07
6.532147610000000000e+08
1.405345882000000000e+09
9.560564780000000000e+08
1.628595792000000000e+09
3.458570000000000000e+05
3.042918400000000000e+07
1.411212289000000000e+09
2.083304172000000000e+09
2.280831675000000000e+09
4.611808510000000000e+08
3.413375284000000000e+09
2.408710144000000000e+09
3.226147472000000000e+09
2.689175893000000000e+09
3.280810624000000000e+09
2.689071350000000000e+09
1.347451212000000000e+09
1.595600655000000000e+09
3.749678295000000000e+09
3.624750407000000000e+09
3.284043292000000000e+09
2.078596112000000000e+09
1.040265399000000000e+09
3.501130495000000000e+09
1.027725920000000000e+08
4.531066940000000000e+08
2.283586886000000000e+09
3.789296874000000000e+09
2.604952320000000000e+08
1.881568726000000000e+09
1.181760120000000000e+08
1.838384403000000000e+09
8.841087370000000000e+08
2.737294309000000000e+09
6.181777640000000000e+08
2.591995428000000000e+09
2.144206848000000000e+09
7.855233960000000000e+08
1.445341760000000000e+09
6.886740650000000000e+08
2.191395906000000000e+09
2.423305895000000000e+09
1.494111156000000000e+09
9.472526400000000000e+08
4.270313496000000000e+09
3.363799782000000000e+09
1.340778080000000000e+08
2.012963843000000000e+09
2.013773862000000000e+09
1.938915351000000000e+09
2.216695184000000000e+09
3.483647625000000000e+09
2.550650680000000000e+09
1.667154646000000000e+09
2.112839617000000000e+09
2.489860330000000000e+09
2.643124258000000000e+09
1.828356711000000000e+09
1.170539234000000000e+09
2.147395316000000000e+09
1.080311562000000000e+09
3.222274048000000000e+09
1.698866554000000000e+09
2.533019000000000000e+07
2.055632147000000000e+09
4.249223251000000000e+09
4.165582847000000000e+09
3.257365886000000000e+09
1.169179100000000000e+08
2.156690831000000000e+09
3.339346100000000000e+09
2.958445104000000000e+09
2.300195076000000000e+09
1.080971650000000000e+09
2.453916321000000000e+09
2.989475885000000000e+09
1.177710171000000000e+09
4.146837711000000000e+09
1.073688319000000000e+09
4.293298175000000000e+09
4.257710078000000000e+09
1.990419822000000000e+09
2.729963150000000000e+09
2.422781986000000000e+09
2.147488136000000000e+09
1.242107976000000000e+09
2.455371776000000000e+09
1.803616040000000000e+08
3.684169807000000000e+09
4.914631540000000000e+08
2.130689417000000000e+09
2.000014254000000000e+09
3.961761250000000000e+08
8.960732610000000000e+08
3.953170413000000000e+09
2.310053836000000000e+09
1.707990872000000000e+09
3.524242751000000000e+09
1.094248430000000000e+09
1.198154890000000000e+08
3.238122487000000000e+09
1.342655390000000000e+08
2.148952044000000000e+09
2.461592800000000000e+07
6.779532780000000000e+08
1.531314000000000000e+09
1.110342921000000000e+09
1.677434142000000000e+09
2.549714150000000000e+09
1.329984093000000000e+09
2.936231675000000000e+09
2.177761280000000000e+08
1.641880883000000000e+09
1.394937859000000000e+09
2.083904128000000000e+09
2.010579200000000000e+08
2.606367040000000000e+08
4.980805000000000000e+06
2.048588826000000000e+09
5.460442930000000000e+08
7.392362950000000000e+08
1.648071167000000000e+09
8.091576000000000000e+06
1.067055873000000000e+09
2.091384263000000000e+09
3.586109124000000000e+09
2.013121280000000000e+09
3.219197703000000000e+09
4.286667805000000000e+09
3.221234216000000000e+09
1.835008000000000000e+07
1.002604033000000000e+09
2.121117780000000000e+09
2.886019279000000000e+09
5.528698460000000000e+08
1.389442357000000000e+09
3.916693504000000000e+09
3.780514989000000000e+09
3.543542463000000000e+09
2.948035071000000000e+09
2.431047721000000000e+09
1.876176387000000000e+09
3.575644187000000000e+09
1.558490000000000000e+05
6.711294000000000000e+07
2.231385840000000000e+09
1.426148638000000000e+09
3.763996604000000000e+09
7.043850000000000000e+05
1.957685279000000000e+09
7.465292720000000000e+08
2.802069119000000000e+09
4.028095999000000000e+09
4.811811300000000000e+07
2.123049327000000000e+09
1.915069518000000000e+09
3.524493981000000000e+09
2.302476846000000000e+09
9.026985300000000000e+07
1.468255470000000000e+08
1.192413030000000000e+08
3.020292096000000000e+09
7.323291790000000000e+08
5.494066210000000000e+08
5.662958480000000000e+08
4.106752499000000000e+09
3.220129985000000000e+09
1.817386876000000000e+09
6.294074950000000000e+08
2.819095553000000000e+09
3.405153950000000000e+09
2.410549865000000000e+09
2.145982019000000000e+09
3.211852842000000000e+09
1.051378751000000000e+09
3.413116906000000000e+09
2.554594940000000000e+09
5.373504240000000000e+08
8.136947220000000000e+08
1.856055881000000000e+09
1.088932696000000000e+09
7.559832340000000000e+08
3.653096835000000000e+09
2.944684123000000000e+09
4.289190428000000000e+09
1.273425361000000000e+09
1.179910144000000000e+09
1.243545362000000000e+09
3.618856170000000000e+08
9.307041970000000000e+08
1.945475928000000000e+09
1.043684801000000000e+09
1.916520237000000000e+09
2.438883459000000000e+09
1.542537220000000000e+09
3.457157807000000000e+09
2.176855575000000000e+09
1.043300075000000000e+09
4.171485564000000000e+09
1.619560422000000000e+09
3.581967343000000000e+09
3.624657703000000000e+09
1.519616000000000000e+07
2.422881290000000000e+08
2.400252890000000000e+09
3.892711423000000000e+09
3.789326804000000000e+09
3.690472783000000000e+09
6.574045700000000000e+08
1.607602269000000000e+09
2.709315170000000000e+08
2.842296320000000000e+08
2.006594761000000000e+09
4.016775765000000000e+09
1.394697531000000000e+09
5.059991520000000000e+08
5.184645130000000000e+08
4.189077506000000000e+09
1.084416165000000000e+09
4.266983477000000000e+09
2.280670010000000000e+09
2.667583486000000000e+09
4.721117610000000000e+08
2.155887676000000000e+09
1.034912696000000000e+09
3.558801139000000000e+09
9.311022600000000000e+08
3.757304040000000000e+09
7.758886400000000000e+08
3.506200647000000000e+09
9.419501180000000000e+08
3.699642543000000000e+09
2.304770431000000000e+09
1.111517687000000000e+09
3.806742699000000000e+09
2.610297056000000000e+09
3.093364736000000000e+09
1.067179514000000000e+09
2.056542285000000000e+09
2.362606051000000000e+09
1.674257743000000000e+09
2.793012193000000000e+09
4.627820860000000000e+08
3.801992926000000000e+09
6.153824200000000000e+07
2.072133135000000000e+09
4.156612031000000000e+09
1.057253619000000000e+09
3.825310911000000000e+09
3.261728720000000000e+09
5.458486100000000000e+08
1.611563304000000000e+09
1.573126300000000000e+07
1.009912400000000000e+08
1.084723977000000000e+09
2.416081451000000000e+09
2.541899190000000000e+08
1.537084382000000000e+09
2.942941706000000000e+09
2.142210555000000000e+09
3.364290634000000000e+09
3.193372672000000000e+09
4.190222178000000000e+09
1.366683933000000000e+09
3.628471412000000000e+09
2.025797598000000000e+09
2.457878020000000000e+09
7.669555710000000000e+08
3.092407630000000000e+08
5.273140180000000000e+08
3.941070567000000000e+09
2.011172830000000000e+08
3.699472947000000000e+09
3.227648527000000000e+09
3.077016400000000000e+07
2.650807122000000000e+09
3.150429125000000000e+09
1.345030333000000000e+09
1.134877120000000000e+08
1.963614880000000000e+08
2.580915332000000000e+09
7.656080810000000000e+08
9.725601380000000000e+08
2.949467665000000000e+09
2.849048615000000000e+09
4.036406749000000000e+09
2.634481664000000000e+09
4.531477740000000000e+08
6.774842430000000000e+08
1.476283129000000000e+09
3.477772923000000000e+09
2.744828264000000000e+09
2.715287593000000000e+09
1.845494490000000000e+08
8.724210950000000000e+08
1.073922808000000000e+09
7.521579600000000000e+07
9.374092790000000000e+08
2.938535923000000000e+09
1.317928823000000000e+09
7.256044230000000000e+08
2.144856386000000000e+09
2.130337039000000000e+09
4.269882087000000000e+09
3.524109077000000000e+09
2.055899657000000000e+09
3.729009540000000000e+08
3.429517380000000000e+09
1.921168366000000000e+09
4.043417472000000000e+09
2.185661138000000000e+09
4.174118912000000000e+09
3.228359611000000000e+09
6.361832860000000000e+08
1.735296511000000000e+09
2.819538406000000000e+09
1.052351509000000000e+09
4.548811200000000000e+07
3.817140510000000000e+08
2.752378971000000000e+09
2.667008113000000000e+09
1.680861308000000000e+09
1.643431266000000000e+09
1.605762077000000000e+09
4.094685543000000000e+09
2.681149561000000000e+09
6.689928230000000000e+08
5.038690910000000000e+08
3.797692223000000000e+09
9.038772910000000000e+08
6.200501680000000000e+08
6.681084160000000000e+08
3.215712313000000000e+09
7.479641380000000000e+08
3.988659330000000000e+09
2.147300381000000000e+09
1.271463936000000000e+09
2.984615286000000000e+09
1.531343683000000000e+09
1.435187264000000000e+09
1.052888020000000000e+08
2.219539720000000000e+09
3.602952237000000000e+09
1.571323772000000000e+09
1.300463063000000000e+09
2.598363711000000000e+09
3.657177663000000000e+09
2.060762091000000000e+09
3.359637247000000000e+09
2.516171600000000000e+07
8.852593290000000000e+08
2.875187813000000000e+09
1.492685560000000000e+09
5.335091200000000000e+07
7.016243200000000000e+07
1.063403610000000000e+08
2.419785977000000000e+09
2.797141491000000000e+09
1.303084085000000000e+09
5.294994720000000000e+08
3.166267496000000000e+09
2.009006080000000000e+09
1.362779660000000000e+09
3.185770208000000000e+09
3.439997175000000000e+09
1.182848650000000000e+08
2.326725694000000000e+09
4.248504551000000000e+09
2.804417535000000000e+09
4.164974566000000000e+09
3.129474858000000000e+09
3.629280737000000000e+09
2.147612408000000000e+09
2.237947799000000000e+09
3.420322656000000000e+09
4.102008694000000000e+09
4.189037878000000000e+09
2.141038719000000000e+09
2.807174588000000000e+09
2.875893440000000000e+08
2.307996161000000000e+09
3.463460541000000000e+09
3.340762926000000000e+09
1.712990265000000000e+09
4.027073764000000000e+09
2.685860038000000000e+09
3.012755456000000000e+09
2.581841920000000000e+08
7.816221750000000000e+08
2.046092722000000000e+09
3.112963375000000000e+09
3.627053727000000000e+09
3.398071368000000000e+09
1.242871200000000000e+09
8.539174630000000000e+08
3.370328490000000000e+08
8.378954400000000000e+07
1.911595567000000000e+09
4.615793770000000000e+08
4.197490564000000000e+09
2.709581881000000000e+09
2.821588835000000000e+09
1.304493455000000000e+09
1.580201919000000000e+09
3.807583231000000000e+09
3.207765953000000000e+09
3.727685687000000000e+09
1.660295648000000000e+09
3.692724546000000000e+09
3.595743460000000000e+08
1.688315820000000000e+08
3.117088768000000000e+09
4.103315762000000000e+09
3.521729823000000000e+09
3.954860743000000000e+09
2.647519999000000000e+09
3.645470678000000000e+09
1.111580956000000000e+09
2.755154560000000000e+08
3.156673065000000000e+09
1.078463528000000000e+09
9.072832000000000000e+06
2.381414400000000000e+07
5.026913600000000000e+07
2.146627390000000000e+08
1.991239166000000000e+09
1.870628065000000000e+09
3.755572959000000000e+09
4.211078267000000000e+09
2.004475822000000000e+09
2.884365451000000000e+09
4.271702047000000000e+09
1.000341752000000000e+09
3.579844742000000000e+09
3.979626688000000000e+09
3.404085952000000000e+09
4.752015360000000000e+08
9.785565660000000000e+08
9.232743100000000000e+08
2.035871874000000000e+09
2.076359217000000000e+09
1.300963722000000000e+09
3.719857761000000000e+09
8.782680800000000000e+08
3.235680200000000000e+07
3.178691609000000000e+09
4.265010175000000000e+09
4.126296060000000000e+09
3.837329359000000000e+09
3.784245759000000000e+09
4.456488810000000000e+08
1.426373290000000000e+08
6.807553900000000000e+07
5.557665530000000000e+08
1.175888790000000000e+08
1.486356984000000000e+09
4.828339200000000000e+07
5.106504280000000000e+08
3.454794327000000000e+09
2.526896984000000000e+09
2.100745089000000000e+09
8.631091200000000000e+07
4.039654708000000000e+09
3.008609912000000000e+09
2.251471287000000000e+09
2.766620020000000000e+09
8.734000000000000000e+06
1.519082050000000000e+08
2.390884261000000000e+09
2.281961644000000000e+09
2.151613378000000000e+09
1.258472600000000000e+07
3.986450250000000000e+08
2.148417412000000000e+09
1.646245280000000000e+08
4.236184739000000000e+09
3.152037245000000000e+09
3.361093135000000000e+09
5.199537000000000000e+06
4.179611200000000000e+07
1.063580684000000000e+09
3.140461310000000000e+09
3.565618317000000000e+09
2.202014817000000000e+09
4.041033656000000000e+09
1.165547067000000000e+09
2.457665536000000000e+09
2.310662284000000000e+09
6.422162390000000000e+08
6.267591770000000000e+08
2.538672127000000000e+09
2.417546162000000000e+09
3.682058528000000000e+09
5.474228220000000000e+08
1.189191684000000000e+09
3.941515446000000000e+09
2.348694865000000000e+09
1.610082312000000000e+09
4.291035138000000000e+09
8.549827470000000000e+08
3.346044921000000000e+09
1.740660598000000000e+09
3.194748589000000000e+09
4.230942735000000000e+09
3.055040379000000000e+09
1.751343113000000000e+09
2.207468456000000000e+09
1.043539210000000000e+08
3.170222835000000000e+09
3.088057282000000000e+09
2.706698610000000000e+08
1.731395584000000000e+09
3.450822931000000000e+09
2.696068636000000000e+09
2.443948089000000000e+09
1.821136216000000000e+09
3.101433475000000000e+09
2.785792005000000000e+09
5.200368610000000000e+08
1.743945684000000000e+09
2.469228262000000000e+09
2.168342176000000000e+09
2.351453680000000000e+08
1.615565200000000000e+07
3.933195800000000000e+07
2.260862969000000000e+09
1.275262887000000000e+09
3.759077374000000000e+09
7.779799600000000000e+07
1.060601227000000000e+09
4.291018730000000000e+09
1.227378401000000000e+09
2.966418031000000000e+09
3.552417095000000000e+09
8.871928940000000000e+08
2.189590803000000000e+09
2.384199680000000000e+09
1.025093121000000000e+09
2.097891304000000000e+09
6.051712000000000000e+08
4.938803840000000000e+08
4.277629440000000000e+09
1.059270665000000000e+09
2.268610830000000000e+08
6.839342970000000000e+08
3.215990105000000000e+09
4.278740991000000000e+09
4.229017559000000000e+09
1.413054205000000000e+09
2.206836634000000000e+09
5.898091200000000000e+07
3.624339347000000000e+09
2.162291272000000000e+09
3.719996370000000000e+08
3.294088090000000000e+08
2.252292752000000000e+09
1.193412459000000000e+09
4.133487135000000000e+09
4.121892415000000000e+09
2.113801847000000000e+09
4.249290181000000000e+09
2.750087168000000000e+09
3.637110791000000000e+09
8.740385340000000000e+08
5.382188730000000000e+08
4.026524152000000000e+09
3.513837441000000000e+09
2.883146100000000000e+08
1.054619907000000000e+09
9.166878860000000000e+08
3.523488000000000000e+06
1.441795200000000000e+07
2.150420930000000000e+08
1.042078205000000000e+09
8.665155830000000000e+08
3.560964083000000000e+09
1.576665051000000000e+09
2.015880383000000000e+09
1.207894177000000000e+09
2.127683075000000000e+09
2.922049917000000000e+09
7.511941210000000000e+08
1.924137637000000000e+09
2.201537354000000000e+09
3.808732117000000000e+09
5.250623680000000000e+08
2.309095424000000000e+09
6.855213390000000000e+08
1.485126410000000000e+08
3.644321946000000000e+09
2.704628423000000000e+09
4.216361032000000000e+09
3.329921034000000000e+09
2.814378164000000000e+09
4.198530035000000000e+09
4.124039959000000000e+09
2.147471199000000000e+09
3.350697980000000000e+09
8.974784010000000000e+08
2.135547915000000000e+09
3.737387125000000000e+09
6.333490080000000000e+08
1.778743744000000000e+09
1.077943544000000000e+09
2.160201014000000000e+09
3.825505940000000000e+08
1.197570049000000000e+09
1.075707427000000000e+09
2.597539701000000000e+09
7.097166590000000000e+08
1.070275375000000000e+09
2.412838912000000000e+09
1.618706265000000000e+09
1.209411039000000000e+09
3.227905811000000000e+09
2.138408543000000000e+09
4.248820122000000000e+09
1.605101730000000000e+09
2.482638675000000000e+09
2.885740730000000000e+09
3.762160120000000000e+09
6.507270400000000000e+07
4.163880510000000000e+09
3.788791796000000000e+09
5.136895060000000000e+08
3.649863025000000000e+09
1.463768721000000000e+09
2.387508000000000000e+06
1.041721600000000000e+07
2.477713920000000000e+08
4.192977439000000000e+09
3.220718207000000000e+09
1.912479155000000000e+09
2.712360883000000000e+09
1.260894640000000000e+08
2.424985845000000000e+09
7.840727040000000000e+08
2.043335355000000000e+09
3.870869299000000000e+09
4.206979489000000000e+09
4.255978495000000000e+09
1.429494400000000000e+07
2.445077760000000000e+08
2.485591110000000000e+08
2.623527530000000000e+09
1.346028502000000000e+09
4.751578000000000000e+07
1.875134527000000000e+09
4.232039420000000000e+09
1.161846627000000000e+09
3.374812142000000000e+09
5.715227790000000000e+08
8.799340000000000000e+05
1.676893600000000000e+07
2.682756804000000000e+09
3.183425999000000000e+09
1.341671552000000000e+09
2.809360924000000000e+09
1.317913650000000000e+08
4.227266510000000000e+09
2.256309276000000000e+09
4.236771328000000000e+09
8.010855150000000000e+08
2.306184227000000000e+09
3.665506280000000000e+09
8.719742080000000000e+08
9.252158880000000000e+08
3.494903828000000000e+09
7.602393400000000000e+07
1.499988948000000000e+09
2.130728763000000000e+09
4.228449407000000000e+09
4.064484351000000000e+09
3.972267512000000000e+09
4.031774701000000000e+09
2.977953920000000000e+08
3.338646076000000000e+09
5.365572170000000000e+08
4.261488148000000000e+09
5.249628160000000000e+08
3.385237738000000000e+09
2.191065249000000000e+09
1.548485093000000000e+09
2.325347550000000000e+09
3.523604563000000000e+09
1.168052139000000000e+09
1.281032192000000000e+09
2.813939700000000000e+07
2.598341770000000000e+08
2.488182453000000000e+09
3.419478363000000000e+09
3.001186159000000000e+09
9.773198710000000000e+08
2.265027150000000000e+08
3.358629116000000000e+09
2.340673803000000000e+09
3.358535225000000000e+09
2.272023935000000000e+09
1.276182521000000000e+09
3.852991513000000000e+09
1.123534089000000000e+09
1.224232966000000000e+09
1.847563537000000000e+09
1.106833726000000000e+09
8.022393970000000000e+08
4.230205295000000000e+09
3.777526908000000000e+09
2.597114864000000000e+09
9.730577890000000000e+08
1.256741161000000000e+09
2.281702566000000000e+09
1.378877440000000000e+09
2.278843155000000000e+09
2.053114444000000000e+09
3.558499615000000000e+09
1.258576029000000000e+09
3.359960959000000000e+09
1.154218976000000000e+09
2.768113960000000000e+08
2.482512401000000000e+09
3.750614875000000000e+09
4.030599734000000000e+09
1.000576160000000000e+08
2.080539143000000000e+09
3.138420858000000000e+09
1.419218937000000000e+09
5.175374240000000000e+08
1.057996693000000000e+09
1.102974798000000000e+09
9.381563560000000000e+08
4.010551034000000000e+09
4.598036770000000000e+08
7.359959690000000000e+08
2.427146252000000000e+09
1.004102570000000000e+08
1.884871464000000000e+09
3.084124160000000000e+08
1.664844106000000000e+09
8.255046600000000000e+07
3.561800816000000000e+09
2.192003801000000000e+09
3.519818745000000000e+09
3.746459646000000000e+09
3.507208178000000000e+09
3.774811300000000000e+08
2.546417660000000000e+09
3.425953148000000000e+09
1.081980836000000000e+09
2.148865280000000000e+08
1.432479559000000000e+09
1.762344980000000000e+09
2.251358913000000000e+09
2.055214179000000000e+09
4.244706767000000000e+09
1.417356760000000000e+09
2.480282270000000000e+08
3.074593933000000000e+09
3.351543798000000000e+09
2.320232363000000000e+09
2.995250018000000000e+09
4.084460940000000000e+08
1.183776768000000000e+09
2.160386754000000000e+09
1.376378117000000000e+09
1.923353725000000000e+09
2.190328073000000000e+09
1.588413648000000000e+09
9.108070390000000000e+08
3.733969054000000000e+09
2.180126705000000000e+09
5.285526730000000000e+08
4.178637500000000000e+09
4.703063110000000000e+08
4.089940430000000000e+08
2.743893862000000000e+09
1.829501986000000000e+09
1.671172000000000000e+07
1.207307449000000000e+09
1.050973955000000000e+09
1.847577152000000000e+09
3.747545473000000000e+09
3.758925871000000000e+09
7.685092820000000000e+08
3.657056270000000000e+08
1.744026877000000000e+09
2.733368218000000000e+09
1.408368640000000000e+08
2.065242316000000000e+09
3.378474430000000000e+09
9.975042140000000000e+08
2.270283863000000000e+09
4.264915647000000000e+09
1.882099326000000000e+09
1.591751839000000000e+09
2.853017974000000000e+09
5.611219180000000000e+08
3.599051659000000000e+09
1.987768431000000000e+09
4.286330106000000000e+09
1.698238371000000000e+09
3.777292402000000000e+09
1.849826606000000000e+09
2.282262669000000000e+09
2.165463893000000000e+09
1.008865145000000000e+09
2.321309096000000000e+09
1.248456390000000000e+08
4.291934284000000000e+09
1.515229545000000000e+09
1.312214770000000000e+09
1.364962295000000000e+09
1.215627264000000000e+09
8.892114540000000000e+08
1.856263267000000000e+09
1.089504737000000000e+09
2.883468800000000000e+08
2.481983743000000000e+09
4.276297990000000000e+09
3.928427460000000000e+09
2.533054913000000000e+09
4.259147785000000000e+09
3.081738109000000000e+09
2.042279295000000000e+09
1.600972000000000000e+08
1.046675457000000000e+09
2.533449843000000000e+09
2.952827544000000000e+09
3.583244000000000000e+07
4.362790980000000000e+08
3.031504623000000000e+09
1.364782800000000000e+07
2.243674104000000000e+09
2.788163465000000000e+09
5.787878800000000000e+08
2.966994240000000000e+08
3.428638256000000000e+09
3.226992640000000000e+09
2.715899754000000000e+09
3.816794470000000000e+09
1.770624606000000000e+09
1.036239176000000000e+09
4.014445323000000000e+09
3.753953295000000000e+09
2.938634301000000000e+09
2.665612260000000000e+09
1.224760872000000000e+09
1.145800000000000000e+04
1.342803800000000000e+08
1.903404800000000000e+07
5.810404290000000000e+08
1.555791926000000000e+09
2.875949025000000000e+09
1.556083862000000000e+09
2.318369571000000000e+09
4.277915316000000000e+09
4.136239091000000000e+09
3.094200596000000000e+09
1.931348118000000000e+09
2.772829205000000000e+09
2.290102107000000000e+09
1.010969440000000000e+08
4.997120000000000000e+08
4.015181585000000000e+09
4.216525734000000000e+09
8.176334470000000000e+08
4.921958400000000000e+07
2.080612354000000000e+09
4.246732871000000000e+09
3.003876060000000000e+09
1.123822047000000000e+09
1.608584251000000000e+09
4.263593855000000000e+09
4.166268903000000000e+09
4.133648540000000000e+09
9.034234670000000000e+08
2.311141793000000000e+09
1.352609002000000000e+09
2.894470400000000000e+08
4.278757387000000000e+09
3.097154028000000000e+09
2.330332143000000000e+09
6.315234750000000000e+08
3.928614358000000000e+09
2.147634270000000000e+08
3.627213097000000000e+09
3.750268979000000000e+09
7.684751360000000000e+08
