3.898795476000000000e+09
3.841654544000000000e+09
1.999377659000000000e+09
4.786275770000000000e+08
2.610578576000000000e+09
4.370686100000000000e+08
3.468252685000000000e+09
2.057174436000000000e+09
8.970883220000000000e+08
3.798044925000000000e+09
1.579394953000000000e+09
2.235493397000000000e+09
3.540262854000000000e+09
4.032889344000000000e+09
7.548827250000000000e+08
1.648469750000000000e+08
2.388600203000000000e+09
4.282835672000000000e+09
2.195028258000000000e+09
6.263634230000000000e+08
