1.913607555000000000e+09
6.755565880000000000e+08
3.902637308000000000e+09
1.303398415000000000e+09
2.804841594000000000e+09
6.282137500000000000e+07
3.752619650000000000e+09
1.301598150000000000e+09
1.163584328000000000e+09
4.265134891000000000e+09
3.022287108000000000e+09
3.131978726000000000e+09
1.516751550000000000e+09
1.340257140000000000e+08
8.851597780000000000e+08
2.464321380000000000e+09
1.670071650000000000e+09
2.441230746000000000e+09
7.947455610000000000e+08
4.104205625000000000e+09
4.179112007000000000e+09
8.652615200000000000e+08
3.788375059000000000e+09
1.356175475000000000e+09
1.809872467000000000e+09
8.955236800000000000e+07
3.273641200000000000e+08
1.373068290000000000e+09
9.143372600000000000e+07
2.451500109000000000e+09
3.062478602000000000e+09
2.438154349000000000e+09
1.458045321000000000e+09
2.353948660000000000e+09
1.085376585000000000e+09
1.847209367000000000e+09
1.370462392000000000e+09
4.163177901000000000e+09
1.701906789000000000e+09
9.949321150000000000e+08
3.780964206000000000e+09
3.025476700000000000e+08
4.230754994000000000e+09
1.139741624000000000e+09
1.554601670000000000e+09
6.233639060000000000e+08
3.231287905000000000e+09
4.170398999000000000e+09
1.177626952000000000e+09
3.296682439000000000e+09
2.132777473000000000e+09
3.728892817000000000e+09
2.586153604000000000e+09
1.876409896000000000e+09
1.065569102000000000e+09
2.201345250000000000e+09
2.139866858000000000e+09
3.695438194000000000e+09
4.216044880000000000e+09
3.220788889000000000e+09
4.181811431000000000e+09
5.683912380000000000e+08
2.348449891000000000e+09
1.543870467000000000e+09
2.546986055000000000e+09
1.925106304000000000e+09
4.051594831000000000e+09
1.305810384000000000e+09
1.769867609000000000e+09
4.108347542000000000e+09
1.759092965000000000e+09
3.186107883000000000e+09
3.624238899000000000e+09
1.873397934000000000e+09
2.059953011000000000e+09
1.017438790000000000e+09
2.148559173000000000e+09
1.954170829000000000e+09
1.144882157000000000e+09
1.624539516000000000e+09
7.266099600000000000e+07
2.829739209000000000e+09
9.427069510000000000e+08
1.110033140000000000e+09
1.862526707000000000e+09
2.486548475000000000e+09
8.522233900000000000e+08
1.136003666000000000e+09
5.362786450000000000e+08
1.169691875000000000e+09
2.660397639000000000e+09
3.435095890000000000e+08
3.073269351000000000e+09
1.631580290000000000e+08
8.536235910000000000e+08
7.889137680000000000e+08
2.660759630000000000e+08
4.195722026000000000e+09
3.506887436000000000e+09
3.337050056000000000e+09
2.419588540000000000e+09
3.862735917000000000e+09
2.332360590000000000e+09
5.431496000000000000e+07
2.421430670000000000e+09
1.156203296000000000e+09
3.968238729000000000e+09
1.086310395000000000e+09
1.719888282000000000e+09
2.520919473000000000e+09
3.702476456000000000e+09
1.847752155000000000e+09
4.188103751000000000e+09
1.135956566000000000e+09
4.057882139000000000e+09
3.764228320000000000e+09
3.646794430000000000e+08
4.207722045000000000e+09
2.318847437000000000e+09
2.997982512000000000e+09
4.052497550000000000e+08
1.247017090000000000e+08
1.371626200000000000e+07
3.909937258000000000e+09
3.000018757000000000e+09
3.969156660000000000e+08
1.595809361000000000e+09
5.498348020000000000e+08
3.071004278000000000e+09
2.817833407000000000e+09
2.960155406000000000e+09
2.674766400000000000e+09
2.670167888000000000e+09
4.058971471000000000e+09
3.025901260000000000e+08
8.326700550000000000e+08
3.090194179000000000e+09
3.787775045000000000e+09
1.191020863000000000e+09
3.978641447000000000e+09
4.003579123000000000e+09
3.398790250000000000e+08
5.297085580000000000e+08
4.045614389000000000e+09
6.826442600000000000e+07
2.083714410000000000e+09
3.867634750000000000e+08
3.102939027000000000e+09
2.990743271000000000e+09
5.148568900000000000e+07
4.089529406000000000e+09
3.450656706000000000e+09
1.872856307000000000e+09
2.373117127000000000e+09
3.158200500000000000e+08
1.413587465000000000e+09
3.634142918000000000e+09
2.023872803000000000e+09
3.958591970000000000e+09
4.109162054000000000e+09
2.168267011000000000e+09
1.720749864000000000e+09
4.010781107000000000e+09
2.706392027000000000e+09
1.287422625000000000e+09
2.020402209000000000e+09
1.172932967000000000e+09
3.140842170000000000e+09
3.181833716000000000e+09
3.515387063000000000e+09
9.023292180000000000e+08
5.165637730000000000e+08
1.355577761000000000e+09
2.199331482000000000e+09
3.786319300000000000e+09
2.346520950000000000e+08
1.808430298000000000e+09
6.730623000000000000e+07
1.019674352000000000e+09
1.851951487000000000e+09
1.749701575000000000e+09
2.529641426000000000e+09
1.809321717000000000e+09
4.098988373000000000e+09
3.851807500000000000e+09
1.446239531000000000e+09
3.426966986000000000e+09
2.344611460000000000e+08
1.166646800000000000e+08
6.080722930000000000e+08
5.136527490000000000e+08
2.723694844000000000e+09
3.509284803000000000e+09
1.134877983000000000e+09
1.793147235000000000e+09
2.519778010000000000e+08
3.519587898000000000e+09
3.550799171000000000e+09
3.271927186000000000e+09
1.859475266000000000e+09
2.127518835000000000e+09
4.198656662000000000e+09
3.999669310000000000e+08
2.080521605000000000e+09
9.338300400000000000e+07
2.015549006000000000e+09
3.940688810000000000e+08
1.645158717000000000e+09
1.352494397000000000e+09
4.195134352000000000e+09
3.376328049000000000e+09
6.206681670000000000e+08
2.479371587000000000e+09
4.198044504000000000e+09
4.186864754000000000e+09
1.109545780000000000e+08
2.925761210000000000e+09
2.250035149000000000e+09
2.564946060000000000e+08
4.013122066000000000e+09
1.188790555000000000e+09
4.166151078000000000e+09
2.881428040000000000e+08
4.024116223000000000e+09
3.768625670000000000e+09
1.966713040000000000e+08
1.185480894000000000e+09
3.838667443000000000e+09
2.034894520000000000e+08
3.195498574000000000e+09
1.593643840000000000e+09
3.922423245000000000e+09
4.162920717000000000e+09
1.865311560000000000e+09
3.433833217000000000e+09
1.080016947000000000e+09
4.050291590000000000e+09
1.386596426000000000e+09
3.983541251000000000e+09
6.810014780000000000e+08
1.217831424000000000e+09
1.622079496000000000e+09
3.271131249000000000e+09
3.105215203000000000e+09
1.599237581000000000e+09
3.920691924000000000e+09
4.254250082000000000e+09
1.090355694000000000e+09
1.121819433000000000e+09
2.898292659000000000e+09
3.392920769000000000e+09
6.503028630000000000e+08
2.985048845000000000e+09
1.650989621000000000e+09
4.127918597000000000e+09
1.351861230000000000e+08
